%exercicio 1
%a)
a=28/100;
x=[5:0.232:28]

%b)
x=[2:0.2:14]

%c)
x=[-2:0.141:5]
