%exercicio 1
%a)
a=28/100;
x=[5:0.232:28]

%b)
x=[2:0.2:14]

%c)
x=[-2:0.141:5]

%exercicio 2
F=400; D=3;
W0=F*D;
W0

F=550;D=0.05;
W1=F*D;
W1

F=700; D=0.75;
W2=F*D;
W2

F=500;D=1.5;
W3=F*D;
W3

F=600;D=5;
W4=F*D;
W4

W=W0+W1+W2+W3+W4;
W
